 231
  41
 104
 229
 224
 147
 130
  56
 243
   8
 130
 102
   5
  11
 234
 240
 158
 234
 207
   4
 194
 178
   1
  43
 215
 237
 202
 237
 151
 149
 233
  94
 189
 213
 130
 228
  58
 194
 244
 229
 103
 162
 201
  63
  17
  25
 226
 210
 238
 123
 113
  42
 182
   0
 183
  86
 242
 248
 175
  73
  87
  44
 165
 215
 214
 246
 156
 188
 122
  26
  51
 182
 195
 115
  85
 151
 238
 173
  11
  92
 164
 196
 139
 134
 174
  39
 204
 242
 185
  49
 129
   6
 212
 216
 236
 241
 249
  75
 182
  48
 187
  42
 209
 211
 248
 247
 252
 175
  41
 111
 119
 122
 189
 186
 137
 215
 200
  77
  98
 169
  43
  90
  89
   6
 227
 189
 180
  63
  33
  21
 206
  55
  46
  33
  79
  23
 213
 129
 114
 254
  84
  97
 146
 123
  90
 185
 176
 102
 183
 242
